10000 0
20000 0
30000 0
40000 0
50000 0.0001
60000 0.0001
70000 0.0001
80000 0.0001
90000 0.0001
100000 0.0001
110000 0.0001
120000 0.0001
130000 0.0002
140000 0.0002
150000 0.0002
160000 0.0001
170000 0.0001
180000 0.0002
190000 0.0001
200000 0.0003
210000 0.0003
220000 0.0002
230000 0.0004
240000 0.0002
250000 0.0002
260000 0.0002
270000 0.0004
280000 0.0005
290000 0.0005
300000 0.0004
310000 0.0003
320000 0.0003
330000 0.0005
340000 0.0003
350000 0.0003
360000 0.0004
370000 0.0006
380000 0.0003
390000 0.0005
400000 0.0008
410000 0.001
420000 0.0007
430000 0.0005
440000 0.0005
450000 0.0002
460000 0.0008
470000 0.0006
480000 0.0007
490000 0.0008
500000 0.0007
510000 0.0004
