1000 0.0001
2000 0
3000 0
4000 0
5000 0
6000 0.0001
7000 0
8000 0
9000 0
10000 0
11000 0.0001
12000 0
13000 0.0002
14000 0
15000 0
16000 0.0001
17000 0.0001
18000 0.0002
19000 0.0003
20000 0.0002
21000 0.0002
22000 0.0001
23000 0.0001
24000 0.0001
25000 0.0001
26000 0.0001
27000 0.0003
28000 0.0003
29000 0.0001
30000 0
31000 0
32000 0.0001
33000 0.0001
34000 0.0001
35000 0.0001
36000 0.0001
37000 0.0001
38000 0
39000 0.0001
40000 0.0001
41000 0.0001
42000 0.0001
43000 0.0002
44000 0.0002
45000 0.0001
46000 0.0001
47000 0.0001
48000 0.0002
49000 0.0001
50000 0.0002
51000 0.0002
52000 0.0002
53000 0.0001
54000 0.0001
55000 0.0002
56000 0.0001
57000 0.0002
58000 0.0002
59000 0.0002
60000 0.0001
61000 0.0001
62000 0.0002
63000 0.0001
64000 0.0002
65000 0.0002
